l1: (0.0, 19.947851181030273, 25.0, java.awt.Color[r=0,g=0,b=255])
l2: (0.0, 20.079557418823242, 25.0, java.awt.Color[r=255,g=0,b=255])
l3: (0.0, 20.061094284057617, 25.0, java.awt.Color[r=0,g=255,b=255])
