l1: (0.0, 19.977035522460938, 25.0, java.awt.Color[r=0,g=0,b=255])
l2: (0.0, 19.517559051513672, 25.0, java.awt.Color[r=255,g=0,b=255])
l3: (0.0, 19.50767707824707, 25.0, java.awt.Color[r=0,g=255,b=255])
